24902.4
1 877 372 814 363 339 19 229 122 68 587 191 570 928 947 543 764 974 441 469 852 134 785 661 96 732 758 474 
34 357 393 148 157 827 410 870 255 691 579 573 590 941 678 162 784 320 525 627 246 467 480 342 652 482 389 
204 225 666 77 97 701 523 205 55 22 672 879 442 395 440 816 932 50 501 822 800 428 782 265 790 377 581 869 
81 37 778 750 670 72 138 509 187 615 475 856 341 344 343 792 876 27 502 149 981 337 644 375 282 294 87 155 
754 580 669 951 724 105 963 577 528 820 938 934 807 313 82 737 233 618 506 826 948 450 901 118 964 221 352 
152 460 497 873 166 773 416 510 959 648 777 824 373 786 252 203 740 591 731 360 946 685 69 566 210 131 559 
310 683 300 404 154 755 178 329 438 988 762 376 950 23 736 465 512 708 721 260 809 660 690 636 836 330 997 
635 20 657 912 117 893 564 335 821 530 224 314 29 292 547 311 288 238 349 514 961 921 153 111 412 537 695 891 857 12 889 796 883 15 380 604 299 366 394 976 783 28 706 552 181 60 608 498 161 539 489 279 868 211 163 
403 38 996 712 216 831 327 226 624 185 36 188 180 126 555 448 30 851 429 305 795 569 614 518 571 258 811 94 944 431 597 908 999 459 998 89 519 406 682 218 493 286 710 408 986 804 95 119 207 983 684 546 253 370 156 
462 25 382 196 598 323 504 190 325 348 775 346 727 227 572 935 735 526 656 121 413 63 123 386 202 972 517 175 874 249 133 734 48 594 888 630 43 470 621 902 890 231 494 26 720 254 351 31 46 609 933 692 278 607 899 527 599 324 548 677 451 251 726 625 132 967 388 301 444 106 140 70 240 845 595 730 136 116 738 818 458 24 971 333 108 687 481 858 953 463 367 704 319 650 307 61 381 642 244 283 586 942 71 714 447 791 421 522 234 578 9 45 918 808 473 110 906 243 39 698 64 733 819 347 561 407 715 892 142 828 245 478 426 232 533 120 170 647 515 214 760 544 837 897 703 653 401 700 273 315 538 850 172 917 262 887 272 916 476 65 432 978 449 529 697 956 601 864 17 882 321 556 466 184 866 189 296 848 859 979 56 62 387 411 264 213 144 58 198 863 847 491 943 66 390 511 830 487 992 813 468 209 354 705 896 626 169 427 109 2 545 872 752 900 248 239 767 663 742 51 35 806 779 713 881 617 192 303 694 250 277 743 853 362 880 486 235 668 79 59 860 464 295 825 769 606 90 84 287 485 100 195 6 966 13 994 832 114 11 680 596 107 257 361 495 308 574 929 739 423 744 925 756 125 383 939 
628 334 492 722 452 841 676 266 649 290 926 991 749 446 709 270 182 862 52 765 592 247 600 309 80 753 236 610 640 646 418 995 532 220 379 75 927 662 746 285 788 611 443 549 565 399 637 689 629 57 622 718 365 193 952 631 842 78 936 392 293 553 763 398 605 256 453 761 201 93 585 815 664 861 206 982 355 980 274 940 165 217 326 275 909 433 973 259 457 289 267 16 674 619 316 378 723 391 839 516 374 124 508 907 44 612 551 833 430 
269 575 955 903 557 560 655 263 322 513 18 968 931 696 920 171 385 793 194 439 776 747 167 76 766 137 461 923 634 558 521 336 930 40 479 667 472 242 671 905 88 179 798 409 536 7 886 99 613 280 924 422 135 85 922 957 728 985 875 437 396 567 541 483 787 834 405 707 369 915 540 531 200 584 397 139 284 603 10 54 177 146 33 
241 802 186 987 4 812 524 780 582 168 317 222 436 340 632 345 602 641 969 151 219 98 719 829 919 425 699 823 304 854 844 977 745 639 215 562 115 885 910 984 673 748 716 353 729 402 419 160 147 298 898 583 8 104 415 838 681 568 141 499 101 456 693 129 331 849 550 445 781 332 150 960 659 500 306 855 371 751 53 717 675 937 679 424 212 297 102 1000 702 799 805 158 645 810 83 665 638 633 616 840 589 228 975 237 520 990 261 789 276 420 328 534 41 993 949 417 817 174 112 797 368 878 803 164 471 741 563 623 643 3 128 281 835 654 771 505 
913 359 867 208 542 772 757 268 67 588 894 91 865 230 801 490 871 21 535 454 904 103 914 435 794 965 5 130 73 92 477 768 199 958 318 507 145 620 86 686 759 302 400 688 962 127 503 658 593 774 484 312 414 895 49 159 911 455 197 173 176 291 350 711 843 223 554 74 113 496 970 651 356 32 47 989 434 143 384 576 488 945 338 364 183 770 14 884 358 271 846 954 725 42